35.0	
31.0	
60.0	
37.0	
27.0	
25.0	
37.0	
39.0	
8.0	
38.0	
20.0	
37.0	
31.0	
12.0	
25.0	
10.0	
37.0	
36.0	
27.0	
21.0	
4.0	
33.0	
36.0	
31.0	
23.0	
31.0	
47.0	
46.0	
33.0	
37.0	
37.0	
31.0	
24.0	
28.0	
9.0	
17.0	
3.0	
22.0	
49.0	
27.0	
42.0	
45.0	
32.0	
36.0	
30.0	
47.0	
27.0	
38.0	
14.0	
44.0	
22.0	
44.0	
47.0	
28.0	
22.0	
42.0	
55.0	
12.0	
19.0	
31.0	
21.0	
47.0	
47.0	
51.0	
17.0	
27.0	
19.0	
28.0	
35.0	
47.0	
49.0	
33.0	
19.0	
14.0	
59.0	
36.0	
21.0	
55.0	
40.0	
36.0	
51.0	
26.0	
33.0	
24.0	
17.0	
36.0	
24.0	
31.0	
59.0	
50.0	
11.0	
16.0	
16.0	
18.0	
20.0	
36.0	
24.0	
60.0	
33.0	
54.0	
6.0	
26.0	
31.0	
7.0	
18.0	
27.0	
51.0	
15.0	
43.0	
14.0	
32.0	
25.0	
33.0	
36.0	
42.0	
7.0	
35.0	
18.0	
35.0	
19.0	
21.0	
24.0	
34.0	
36.0	
31.0	
31.0	
49.0	
55.0	
24.0	
42.0	
17.0	
23.0	
24.0	
22.0	
35.0	
43.0	
63.0	
48.0	
25.0	
7.0	
16.0	
55.0	
40.0	
20.0	
26.0	
30.0	
19.0	
45.0	
27.0	
28.0	
12.0	
30.0	
43.0	
19.0	
43.0	
45.0	
44.0	
23.0	
56.0	
52.0	
22.0	
12.0	
47.0	
25.0	
41.0	
51.0	
42.0	
19.0	
22.0	
23.0	
22.0	
43.0	
0.0	
36.0	
51.0	
41.0	
34.0	
40.0	
11.0	
47.0	
36.0	
20.0	
59.0	
36.0	
44.0	
48.0	
15.0	
37.0	
38.0	
29.0	
23.0	
56.0	
35.0	
22.0	
38.0	
24.0	
16.0	
40.0	
6.0	
59.0	
52.0	
4.0	
39.0	
28.0	
30.0	
52.0	
37.0	
63.0	
20.0	
60.0	
60.0	
55.0	
8.0	
19.0	
33.0	
27.0	
31.0	
27.0	
31.0	
48.0	
28.0	
14.0	
30.0	
29.0	
12.0	
28.0	
40.0	
44.0	
45.0	
12.0	
27.0	
18.0	
33.0	
37.0	
38.0	
16.0	
21.0	
36.0	
11.0	
38.0	
36.0	
37.0	
55.0	
31.0	
34.0	
22.0	
18.0	
31.0	
14.0	
60.0	
15.0	
32.0	
48.0	
52.0	
34.0	
25.0	
53.0	
32.0	
18.0	
18.0	
13.0	
0.0	
48.0	
19.0	
40.0	
30.0	
19.0	
40.0	
56.0	
39.0	
39.0	
37.0	
38.0	
40.0	
39.0	
35.0	
59.0	
17.0	
23.0	
25.0	
36.0	
45.0	
30.0	
10.0	
18.0	
29.0	
11.0	
35.0	
51.0	
16.0	
57.0	
20.0	
28.0	
8.0	
32.0	
41.0	
36.0	
34.0	
26.0	
24.0	

91.0	
44.0	
117.0	
62.0	
39.0	
68.0	
62.0	
75.0	
10.0	
58.0	
25.0	
62.0	
65.0	
36.0	
68.0	
23.0	
83.0	
87.0	
81.0	
63.0	
5.0	
57.0	
66.0	
44.0	
34.0	
44.0	
85.0	
89.0	
57.0	
83.0	
83.0	
65.0	
30.0	
77.0	
27.0	
37.0	
9.0	
59.0	
98.0	
39.0	
84.0	
72.0	
82.0	
45.0	
48.0	
106.0	
39.0	
79.0	
28.0	
97.0	
38.0	
76.0	
106.0	
77.0	
38.0	
84.0	
116.0	
15.0	
29.0	
65.0	
42.0	
106.0	
106.0	
90.0	
37.0	
60.0	
50.0	
56.0	
70.0	
106.0	
98.0	
78.0	
29.0	
28.0	
121.0	
45.0	
42.0	
116.0	
71.0	
87.0	
111.0	
43.0	
78.0	
72.0	
37.0	
66.0	
30.0	
44.0	
121.0	
94.0	
19.0	
41.0	
41.0	
33.0	
25.0	
87.0	
72.0	
117.0	
78.0	
99.0	
18.0	
43.0	
65.0	
14.0	
54.0	
60.0	
111.0	
24.0	
101.0	
28.0	
40.0	
47.0	
57.0	
66.0	
84.0	
14.0	
70.0	
33.0	
49.0	
50.0	
63.0	
51.0	
53.0	
45.0	
65.0	
65.0	
98.0	
116.0	
72.0	
63.0	
37.0	
55.0	
30.0	
59.0	
91.0	
80.0	
126.0	
102.0	
47.0	
14.0	
41.0	
116.0	
71.0	
25.0	
43.0	
69.0	
29.0	
72.0	
81.0	
77.0	
15.0	
48.0	
80.0	
50.0	
101.0	
72.0	
97.0	
55.0	
112.0	
107.0	
38.0	
36.0	
106.0	
47.0	
88.0	
111.0	
84.0	
29.0	
38.0	
34.0	
59.0	
101.0	
0.0	
66.0	
111.0	
67.0	
53.0	
92.0	
19.0	
85.0	
87.0	
25.0	
121.0	
45.0	
76.0	
102.0	
24.0	
83.0	
58.0	
52.0	
55.0	
112.0	
91.0	
59.0	
79.0	
30.0	
41.0	
92.0	
18.0	
121.0	
107.0	
5.0	
96.0	
77.0	
69.0	
107.0	
83.0	
126.0	
25.0	
117.0	
117.0	
116.0	
10.0	
29.0	
57.0	
81.0	
65.0	
39.0	
44.0	
81.0	
77.0	
28.0	
48.0	
52.0	
15.0	
77.0	
71.0	
97.0	
93.0	
36.0	
81.0	
33.0	
57.0	
62.0	
79.0	
41.0	
42.0	
87.0	
19.0	
79.0	
66.0	
83.0	
116.0	
65.0	
53.0	
59.0	
33.0	
86.0	
28.0	
117.0	
24.0	
82.0	
102.0	
107.0	
74.0	
68.0	
103.0	
82.0	
54.0	
54.0	
32.0	
0.0	
81.0	
29.0	
92.0	
69.0	
50.0	
92.0	
112.0	
96.0	
54.0	
83.0	
58.0	
92.0	
96.0	
49.0	
121.0	
37.0	
55.0	
68.0	
87.0	
93.0	
69.0	
23.0	
33.0	
52.0	
19.0	
49.0	
90.0	
20.0	
108.0	
25.0	
77.0	
10.0	
61.0	
67.0	
45.0	
74.0	
43.0	
72.0	

76.0	
22.0	
82.0	
38.0	
20.0	
58.0	
38.0	
52.0	
4.0	
32.0	
10.0	
38.0	
48.0	
32.0	
58.0	
18.0	
64.0	
70.0	
72.0	
56.0	
2.0	
36.0	
44.0	
22.0	
18.0	
22.0	
56.0	
62.0	
36.0	
64.0	
64.0	
48.0	
12.0	
66.0	
24.0	
28.0	
8.0	
50.0	
70.0	
20.0	
60.0	
42.0	
68.0	
18.0	
28.0	
82.0	
20.0	
58.0	
20.0	
74.0	
24.0	
48.0	
82.0	
66.0	
24.0	
60.0	
86.0	
6.0	
16.0	
48.0	
30.0	
82.0	
82.0	
58.0	
28.0	
46.0	
42.0	
40.0	
50.0	
82.0	
70.0	
62.0	
16.0	
20.0	
88.0	
18.0	
30.0	
86.0	
46.0	
70.0	
84.0	
26.0	
62.0	
64.0	
28.0	
44.0	
12.0	
22.0	
88.0	
64.0	
12.0	
34.0	
34.0	
22.0	
10.0	
70.0	
64.0	
82.0	
62.0	
66.0	
16.0	
26.0	
48.0	
10.0	
48.0	
46.0	
84.0	
14.0	
80.0	
20.0	
16.0	
32.0	
36.0	
44.0	
60.0	
10.0	
50.0	
22.0	
24.0	
42.0	
56.0	
38.0	
30.0	
18.0	
48.0	
48.0	
70.0	
86.0	
64.0	
34.0	
28.0	
44.0	
12.0	
50.0	
76.0	
54.0	
90.0	
76.0	
32.0	
10.0	
34.0	
86.0	
46.0	
10.0	
26.0	
54.0	
16.0	
42.0	
72.0	
66.0	
6.0	
28.0	
54.0	
42.0	
80.0	
42.0	
74.0	
44.0	
80.0	
78.0	
24.0	
32.0	
82.0	
32.0	
66.0	
84.0	
60.0	
16.0	
24.0	
18.0	
50.0	
80.0	
0.0	
44.0	
84.0	
40.0	
30.0	
72.0	
12.0	
56.0	
70.0	
10.0	
88.0	
18.0	
48.0	
76.0	
14.0	
64.0	
32.0	
34.0	
44.0	
80.0	
76.0	
50.0	
58.0	
12.0	
34.0	
72.0	
16.0	
88.0	
78.0	
2.0	
78.0	
66.0	
54.0	
78.0	
64.0	
90.0	
10.0	
82.0	
82.0	
86.0	
4.0	
16.0	
36.0	
72.0	
48.0	
20.0	
22.0	
50.0	
66.0	
20.0	
28.0	
34.0	
6.0	
66.0	
46.0	
74.0	
68.0	
32.0	
72.0	
22.0	
36.0	
38.0	
58.0	
34.0	
30.0	
70.0	
12.0	
58.0	
44.0	
64.0	
86.0	
48.0	
30.0	
50.0	
22.0	
74.0	
20.0	
82.0	
14.0	
68.0	
76.0	
78.0	
56.0	
58.0	
72.0	
68.0	
48.0	
48.0	
26.0	
0.0	
50.0	
16.0	
72.0	
54.0	
42.0	
72.0	
80.0	
78.0	
26.0	
64.0	
32.0	
72.0	
78.0	
24.0	
88.0	
28.0	
44.0	
58.0	
70.0	
68.0	
54.0	
18.0	
22.0	
34.0	
12.0	
24.0	
58.0	
8.0	
74.0	
10.0	
66.0	
4.0	
42.0	
40.0	
18.0	
56.0	
26.0	
64.0	

21.0	
43.0	
62.0	
45.0	
37.0	
13.0	
45.0	
41.0	
12.0	
50.0	
30.0	
45.0	
29.0	
4.0	
13.0	
8.0	
31.0	
26.0	
9.0	
7.0	
6.0	
39.0	
40.0	
43.0	
31.0	
43.0	
53.0	
48.0	
39.0	
31.0	
31.0	
29.0	
36.0	
14.0	
3.0	
15.0	
1.0	
12.0	
49.0	
37.0	
42.0	
57.0	
20.0	
54.0	
38.0	
39.0	
37.0	
36.0	
14.0	
38.0	
26.0	
52.0	
39.0	
14.0	
26.0	
42.0	
51.0	
18.0	
25.0	
29.0	
21.0	
39.0	
39.0	
59.0	
15.0	
23.0	
11.0	
28.0	
35.0	
39.0	
49.0	
25.0	
25.0	
14.0	
57.0	
54.0	
21.0	
51.0	
46.0	
26.0	
45.0	
32.0	
25.0	
8.0	
15.0	
40.0	
36.0	
43.0	
57.0	
54.0	
13.0	
10.0	
10.0	
20.0	
30.0	
26.0	
8.0	
62.0	
25.0	
60.0	
2.0	
32.0	
29.0	
7.0	
6.0	
23.0	
45.0	
19.0	
33.0	
14.0	
48.0	
27.0	
39.0	
40.0	
42.0	
7.0	
35.0	
20.0	
49.0	
11.0	
7.0	
22.0	
44.0	
54.0	
29.0	
29.0	
49.0	
51.0	
8.0	
56.0	
15.0	
17.0	
36.0	
12.0	
21.0	
47.0	
63.0	
44.0	
27.0	
7.0	
10.0	
51.0	
46.0	
30.0	
32.0	
24.0	
25.0	
57.0	
9.0	
14.0	
18.0	
38.0	
47.0	
11.0	
33.0	
57.0	
38.0	
17.0	
56.0	
50.0	
26.0	
4.0	
39.0	
27.0	
37.0	
45.0	
42.0	
25.0	
26.0	
31.0	
12.0	
33.0	
0.0	
40.0	
45.0	
51.0	
44.0	
32.0	
13.0	
53.0	
26.0	
30.0	
57.0	
54.0	
52.0	
44.0	
19.0	
31.0	
50.0	
33.0	
17.0	
56.0	
21.0	
12.0	
36.0	
36.0	
10.0	
32.0	
2.0	
57.0	
50.0	
6.0	
27.0	
14.0	
24.0	
50.0	
31.0	
63.0	
30.0	
62.0	
62.0	
51.0	
12.0	
25.0	
39.0	
9.0	
29.0	
37.0	
43.0	
58.0	
14.0	
14.0	
38.0	
33.0	
18.0	
14.0	
46.0	
38.0	
43.0	
4.0	
9.0	
20.0	
39.0	
45.0	
36.0	
10.0	
21.0	
26.0	
13.0	
36.0	
40.0	
31.0	
51.0	
29.0	
44.0	
12.0	
20.0	
15.0	
14.0	
62.0	
19.0	
20.0	
44.0	
50.0	
30.0	
13.0	
55.0	
20.0	
6.0	
6.0	
9.0	
0.0	
58.0	
25.0	
32.0	
24.0	
11.0	
32.0	
56.0	
27.0	
55.0	
31.0	
50.0	
32.0	
27.0	
49.0	
57.0	
15.0	
17.0	
13.0	
26.0	
43.0	
24.0	
8.0	
20.0	
33.0	
13.0	
49.0	
59.0	
24.0	
61.0	
30.0	
14.0	
12.0	
34.0	
51.0	
54.0	
30.0	
32.0	
8.0	

